1.14343321228924 -2.03694556244492 2.47048101285154 1.36026387023784
0.342704198289045 1.87115302987922 1.91071640459208 -0.649724195325773
1.93694278155827 2.62600346678157 0.939753768528233 1.97269963488677
-0.174470828542599 1.66055534305887 2.02268356140608 -0.689925723918988
0.216480139705364 1.24534563544945 0.734851741190421 -1.39892935607578
-0.295430587051686 2.40211180483036 2.39215799156143 0.319922548676653
0.710755490691631 -0.358001174657193 2.09994779881654 -0.461892540796915
0.633589773241698 -0.124916821330417 1.88151834610822 -0.0343118195556462
0.64481403131569 1.24711499192616 0.354124853860245 0.221445200356196
1.14085673943292 1.65937134421247 0.0555943660746216 0.845184717572522
-0.153380366757009 0.380086238770916 1.93741260875103 -0.665897983156734
0.818700109591616 0.849577829350914 2.51588883357401 0.315911702283988
-0.854151818200442 0.92298455595025 1.4433250331395 0.486664750470441
0.751580239378545 0.331961994177114 2.24859553722474 1.41870515655194
0.269298031507808 -1.21800862149835 2.13558936957671 0.454950445333319
-0.206752070405644 0.931707330494493 1.67128692791638 1.82599413219417
-0.833024284129266 0.762340093717801 1.43661221655402 0.0631379991606235
-0.740552729258501 0.611543120309943 2.18529625480182 0.281308546028957
0.373249152575852 2.21437231793943 1.49981751736767 -0.959435954827459
-0.880833697551714 -0.84060247584708 2.67543688274365 -0.0101322324298305
-0.188710084755221 0.978133956254042 2.07552105058684 0.398680762399645
-0.00110878183820351 -0.736305537420713 1.83735241429535 0.490312664243584
-0.771162361524899 0.915137345796155 1.49303694078895 1.35547495676726
1.32705655915776 1.66660668542857 1.93408153647562 -0.0237338425376152
-0.0378365634389214 -0.43276421697904 2.48910621685699 0.49889746326587
0.391943110852083 0.680763563049773 1.98422374155981 2.36454239758902
0.369564976523243 2.02292729635276 2.35384543026229 -0.0704646519616799
-0.392862705079631 0.759865838645348 2.48609781670627 0.0924425134964046
-0.501251978691465 1.10961417749335 1.63327208715052 -0.127221504039298
0.0676737863447989 0.892018409944291 1.34478531238722 0.162703651954408
0.260510084484325 2.77996400357066 1.58133368011073 -0.477840352295831
0.526841234413041 2.40849986986388 0.898723566928286 -0.469421707815077
-2.27802466783524 0.166544185022394 2.76612362950545 -0.503401985528725
-0.349956473539349 1.30956050154183 2.14423269030437 -0.222219801264225
-1.6055543323093 0.0553378138525191 2.23577745582265 0.925157152300286
-0.879465689793833 0.733785172307227 1.32883278269397 1.06797423368991
-1.01680898760999 -0.669237765759994 2.06955375260016 0.146611145855183
-0.130855832000943 0.940426651792202 3.71649739613738 -0.2445316737556
0.0430146283535192 1.89453625716463 1.46706067053064 0.767640124364066
0.455707945365546 0.213585198316997 2.45307520055131 1.91943101149989
0.841681784314072 1.38728684855041 2.69384128062093 1.15846026957681
2.50083105385237 1.31125201544963 1.91936668653672 0.238420927844824
1.03554107259778 1.24465973105205 2.60320926030989 0.394544575559801
1.304082483261 0.363971859481122 0.0450714341199581 -1.15064827999056
-0.340906580867595 0.0544875912639596 1.81126247071763 -0.654245600727838
1.06822598544975 2.39827298939362 2.34708729251326 0.426089380248624
-0.110053289934618 -0.96335219604884 1.47482926902837 -0.162336173464131
-0.0512392219095608 1.25182272584213 1.18879135983308 -1.39067457603359
-0.203451677738916 1.59880105473397 1.66109151461226 -0.17091112626626
-0.956360213640256 1.29636728398523 1.76768097716216 -0.725284996725463
2.23573344106061 -0.146219399386029 0.557174378780442 0.299493712568524
1.36642644924938 1.42413392957461 1.38889064258301 -0.102534912558395
-1.44778389681235 2.48766539975034 0.537072379649065 -0.902131096415281
0.91739800847645 1.96378860103716 3.27004325280986 1.92429702710582
-0.954626804374664 3.75972661562359 3.57171972503025 0.213038342512858
-0.0194922459279599 2.05678290800355 2.70898624989139 0.453174099117561
-1.05728476236248 0.52695570571212 1.76497628372674 1.29454727456336
0.569884580446688 0.819573939334475 3.52603845548647 0.737799497419453
-0.865939979589583 0.51800011887618 1.59605588155736 1.60681726147163
-1.47141104248511 0.493236288492636 2.22098419880115 1.19747410530277
0.674997292534668 1.22480608162202 1.37807490602774 -0.236884025916626
-0.984024252776117 0.62660647816389 2.24548019368175 -0.101735437437406
0.587386934217567 0.0992364207588871 0.757066785731737 0.585971544267358
1.83279384708071 -0.306510734896818 1.36161973189533 -0.040831527962095
1.14582967736149 -0.31784566134985 2.89479724304251 0.401744363201371
0.463686665552184 0.884330605067371 0.465999321867438 -0.228237252692581
-1.48422039078423 0.721486176087002 1.90561368156704 -0.354346329664171
0.881978983975615 0.0806857408487274 1.47612973370359 0.688633764673463
1.7317120575107 1.01059170876804 2.36850160549627 -0.312446839055407
-0.812497816955317 0.216139337637669 3.10950033259085 0.8315090993918
0.510217625372657 -0.105740980453627 3.09246838738481 -1.53308823696252
1.11506859464454 -0.602610297332773 1.17839300311246 0.435702810661155
1.12940110676932 0.916972627330621 2.19467978570534 -0.668245357301497
-0.530849221750719 -0.504047668804865 4.16897902448353 0.620606709705601
1.07742179283837 -0.0726442463538031 0.55804811740179 -3.00371822154531
0.458575398591709 0.75351262738277 2.81368072792572 0.255642383052111
-1.5092378725223 3.9013961188608 2.94764298606326 -0.553136638528716
1.1822612202996 1.73525642947938 2.1295453182693 2.28768331486517
1.71715008635159 -0.198493496840785 0.708122789576538 -0.677458882368466
-0.756585229397407 1.7691629510118 1.11472972383375 -0.650592992557082
-1.72388682795679 -0.307926658923062 2.82242831636427 -0.337061787521215
-1.48499912948681 2.61826506405432 1.50436751365428 1.51638219295256
0.18081893463859 1.12775153695267 1.73503576075167 0.056950263842405
0.093885308540189 1.87017991374624 2.20644008774024 -0.192004852454036
-0.387080713873348 1.83616834888904 2.48997892140851 0.696175541125823
-0.659034512783341 1.54425695955239 2.54698905416238 -0.443428094517757
1.57833173932765 -0.8006548702045 0.330653092105364 1.9553046768806
0.800321823600996 2.04684737867144 2.92436868506996 0.77333066509939
0.347028949782082 1.77169917806026 1.98615225110486 0.616021749129064
1.25095602708681 0.486630724559702 1.25849336686133 -0.177129464531594
-0.632945461067064 2.15003033899116 3.03934043167912 0.0589098053855241
-2.65747317751928 1.95477182647633 1.52913622783941 -0.814778007482407
-0.451088979441797 3.28829975160228 0.667294109843573 -1.8342467452124
-0.477283020769851 1.10106517642858 1.67736705413052 0.000277753879701504
-0.799673154380957 2.98024775164933 2.90628420127231 -0.495181002100678
0.119837643033612 1.61530916544717 0.00235327951252784 0.506406598944166
0.576667251320374 -0.651909545191508 0.0204531050626846 -0.152066640163276
-0.740868555458783 0.645540782758063 1.82031240369715 -0.0197887499982466
-0.419146284239934 1.00833689302893 1.78788420109343 -0.528059841405299
0.414307094162728 2.70466877013793 2.1106205182655 0.162635842935207
-0.446964900871489 1.19324180331655 0.126322126194405 0.693318508991713
1.6507106921674 2.16597368245004 0.070871341626064 0.124605340655391
-0.291604203028388 2.8856053758679 0.420790878782084 0.478944658511136
-0.479934640212442 1.08778165330706 2.35401478546191 0.316952211209187
-0.155586345763782 1.42107865951392 2.41176726134566 1.19731161066666
-0.725907818584942 1.86477474426116 2.47825675384136 -0.732020445222901
-1.07480491434127 0.610114025721497 1.87834028956502 -0.355436881169731
0.204670562419854 1.87695934745196 3.77451334370607 0.50212062009426
-1.49986646050969 1.97219392367491 2.62274457763416 -2.34021580401273
-0.333498384013135 1.44842409997735 3.2385918571531 0.105670634077345
-0.636296102883856 0.109686622198032 2.23009674811732 -0.996121799267105
1.14784422785412 0.7994758039302 2.41086121465793 0.941225776394824
-0.140529400653937 1.80901685070856 1.52329680888519 -0.951075800458388
0.143272659266392 1.332010823527 1.64916199696711 0.878378136677566
-0.273753180986104 1.11572021306113 -0.376939584484626 -0.387880654928249
0.383464879461457 1.35073651900583 0.524730316675619 -0.657327586837427
-0.255417366739107 1.58632222113509 1.40970532760692 0.30264079204344
-0.543979253039518 1.6920809474709 1.82074714264379 -0.543169606673476
2.14900093710322 1.19963411890104 1.06443334799716 1.12206323748615
0.0999301505723396 0.957404869451903 3.36801486689094 -0.911596213365967
0.490695901228553 0.737515349042716 1.8378255965069 -0.958824678297918
-2.65240296207634 0.727799964096202 1.32774638363257 1.11848207712396
-0.185215488370464 2.04733717745117 1.22446978007967 1.55320819277314
-0.938640738033569 0.673485566002986 2.4964356544265 -0.970153661267737
0.25746111454804 0.611381803399302 2.88371949131716 0.445075501438386
0.500608446360901 1.6179542161743 1.94567595725827 -0.175837995398095
1.96789402031232 2.20207296437945 1.10625328020581 0.165231367116602
0.634358516368309 0.751820228397795 2.46089219817245 -0.189650067280582
1.12688108790178 0.878016756867565 1.45402047069952 -1.78472759670302
-1.03475691233067 2.7400657128863 0.962509812089889 -0.118892906324768
-0.077274849802572 2.26552675258689 2.93195147889317 -1.93035180576935
0.0117118765031434 0.387496632457607 2.42497632535273 0.218876800147678
0.163844066520282 0.456777296428375 0.826699785461556 1.35969402131937
1.37646713643578 1.24068502565148 1.88917496085445 -1.19310130812447
0.111079493942634 1.66552694830877 1.98327272386905 -1.55908650415263
-0.459120754330467 -0.452836946713014 2.95916356011417 1.62710591233999
-0.789105998204137 0.100617525954183 3.3460386748198 1.43480162753274
0.149324158243398 1.20412473015796 2.12796908921865 -0.682129770375702
-1.12873648592414 1.0543122184921 1.12178182974197 -1.15768804106092
0.621979797673142 -0.569437567161325 3.62281039705825 0.842252880241143
1.83423008233119 2.55241370418906 1.006106885367 -1.29734753297323
1.59112301892417 0.589302076788029 1.86479913298796 0.230234357105823
0.0951514408867403 2.35601168436707 2.55014723808334 0.235173462499822
0.644405870814923 -0.0253947977682045 1.89161498984496 -0.937869565393643
-0.0386363389766817 2.59871898721439 2.56796934645126 -0.0278858293005471
0.322847596374047 0.752257326681639 2.06514070599238 1.36914244335889
-1.46611478416826 0.180666466830688 1.62650184834496 -0.401537640241777
0.799846104228801 1.44018268436788 2.03084370234032 -0.239694220532656
0.800902167415181 1.32275939562124 2.96022481620196 -0.354995490621403
-0.702205857913916 0.41096722531844 0.786799296893443 0.984623591820677
1.27173897856658 -0.333792454526083 0.802524080174228 -0.0811957187452188
1.08545069073209 -0.303210286264834 0.998104714060198 0.875903105253466
0.958856558930229 1.04983436145924 3.50461678033274 2.27686678825065
-0.00950202545592416 0.337874595254476 0.832036686577015 1.37019847831068
1.58876256571189 -0.935418477955611 2.39420042119597 -0.66059795753161
0.889735838566456 -1.55525808605466 3.16401822273733 1.74212051988363
-0.148340277899967 2.18928851448832 2.09218791789771 1.45447128082959
0.222860372499208 -1.12241431336517 -0.367396802408933 -0.147724348782742
1.57998105571152 -0.885916568934467 2.56002777727593 0.800517192148017
0.558973891080796 0.400325352885268 2.56285796613199 1.78274644639982
1.27988473312979 0.630112604806595 2.63193645229075 0.0360116687730526
-0.313376952920761 -1.90602624948562 0.870316839167377 -0.508803939473004
0.90694133940565 0.0472218782566947 2.64280844801054 1.61882140728494
1.18973346872891 -0.378488547387995 3.36410374031749 0.512032072125999
2.4932107546124 1.15758080327242 2.34965996042084 -0.109334797855647
1.43630446776715 2.39001778728207 2.4795923196747 0.471548515610317
3.23854830070319 -0.855374800322191 3.25301290454929 0.220887768230278
-1.48144448726322 -0.199489742340749 3.03674420925781 1.24863983406783
1.23373622314734 1.36646300334674 0.809353966702401 2.2946176131457
1.25654476544948 0.327034881096766 4.04528793476812 2.0119621971428
1.11741437847043 -0.142871106510876 2.66197763384002 0.581675063448544
1.45860881050452 0.740353547707509 2.413304535589 1.01381740757128
0.0055734266145101 1.06925081180806 2.80783538925957 0.345457860471397
1.26314375116502 0.672485146108657 1.61982636259373 1.25760754030636
-1.02585813602842 -0.402302175727314 2.76837653018901 1.04762040257476
-0.145320675388151 -1.00204445440538 1.78548727179372 1.07218321835868
0.408394736019653 -0.0285229565535904 1.12141209100832 0.657443250596691
3.22587587959117 1.06005026541288 2.70051826159865 1.80178674137769
1.53558942091282 -0.826554009669869 3.13081954563082 1.45480069961762
2.53801874790424 -0.293057299675545 1.84308707185746 3.86637018887166
1.56630801003749 0.366969110096413 3.63216774011674 1.26704277865489
1.53463039283883 1.46498149708114 2.44298864356627 1.06009903376038
0.84095729316895 0.273960905558543 2.23517432160712 1.4949192388168
1.53600001568666 0.418139782700925 0.374733578748896 0.766126206106278
2.0747477959523 -0.0405575594224582 1.51207521018365 -0.11012125277583
0.67298718526763 -1.55016881539159 2.11167713435608 1.09660226176493
1.17688769223144 -0.467421605418494 -0.785581054078201 0.291988391099022
0.0767495034179173 -0.0582530089304448 2.19779497122571 3.59171084541323
1.91390612432412 2.13480728066174 1.94957346690122 0.893889193986641
0.256589423504512 1.68408012432933 2.00689008946913 0.165416593325367
0.917434643139556 -1.0495545617245 2.97584222253415 0.0343331550416976
1.35025424281394 0.747988152299522 0.794777684022338 1.33433370042745
1.81551637449605 -1.00454844447392 1.60851042492468 -0.481315286682544
1.36053751300926 0.990575163645427 2.38813517042777 0.142114796254215
0.382591037098452 0.109669302064026 2.33494330835774 1.06342581824743
2.25619670753282 -0.113770010966499 2.88577444181125 2.07418811108669
-1.16560799743853 0.904740365992237 1.79921074822663 0.929616184912938
-1.01685540209936 -1.38554049091678 2.45346368594864 -0.348571238176758
0.0984584384024707 -0.488644865412871 2.45747480853723 0.918813390203101
1.92233080916058 0.225376867030365 1.37754795099904 0.239149425370831
3.01075447915276 -0.622990146364251 2.27087986285425 1.23723985804918
1.51184781097534 1.0518717547097 3.02834514670434 1.81019214233748
2.23498794517668 -0.264808984176972 2.88075166250258 0.321009153787023
2.28713582121791 0.533291304891251 1.0999165581663 2.05922008733655
2.04461736184835 1.44781188762577 0.973268258006035 1.88568885066077
1.77000942418676 1.78582904829127 0.350364381448952 2.55164973733421
1.08949472059556 -0.341626651005055 1.26054372527452 0.796573824911714
1.4747591214935 1.21293604557475 1.79075608236267 0.574197072052957
0.561570528251064 -0.343620214105687 1.26253370787742 0.28186353891602
1.4289522431011 -0.960873724195182 2.8755282387738 1.38905595752
0.852950077719945 0.137753231497808 0.525306889447363 0.277144638962603
1.69946396903378 0.149143477869972 2.67789094884902 -0.415947258667279
0.559427840082872 0.229801924623999 -0.276939361850757 0.61070261059257
-0.34004673701707 1.28762850386734 3.68219582194098 1.18731073009374
2.16391181441519 1.41350254338717 1.41898188252475 1.55360587243579
1.27316067473188 0.204328138597929 2.33709211936227 1.36851608252225
1.43847069938225 0.570344246139293 0.630545012948727 -0.0314043984240886
2.01187599422377 0.245951468446209 0.343500939999119 1.05829657625442
-1.72109957466605 -1.54129755638474 2.82117888599523 -0.197978429601031
0.261331754177138 -1.49622988909419 2.95315507727568 1.46120392440405
0.592614042166885 1.28270444841916 0.327784788613618 1.53646732319237
0.0437266420218303 0.354742830642651 2.35623996158265 -0.213087044856697
1.88027891376105 0.858128180050532 3.13581329370491 1.29193305268254
-0.584527738365741 0.218079774617263 2.28525082280598 0.626020077592095
1.63852164514246 -0.354570002302132 1.80881405384682 2.02651883185609
-0.296002954637554 -0.0276924442083986 1.7574945521559 1.77179695810287
1.57530758747826 -1.42548197446143 0.75370949833232 0.402482427590669
0.657165809578402 1.56095054888228 2.56351943501908 1.75258977961752
-0.913445844147684 0.58526562932976 1.13842086135701 0.350194942831844
1.32088722443555 0.0812581577318187 1.92586816806602 0.352922568440609
2.45623428406629 0.232591910843265 1.93318020642061 -0.677421421654692
0.0139984956176774 -0.192426675987982 1.39410165565162 1.39709189481419
2.20652990291026 -2.16957140782869 3.07637342210636 -1.31955167710612
1.56045884643894 -0.446481341898308 1.75819621928713 1.74438659806099
1.7995890399548 -1.6755382385113 1.24972678172344 -0.0683713305137048
0.0939514140906342 1.47736046530479 2.23861463965445 1.3163615338468
1.83432233956596 0.432810990496973 2.46661392835066 2.47980604975871
2.01917444406281 -0.397838691296901 2.68952478060249 1.60464188580658
2.00263046083713 0.433718065566452 2.57662847106949 1.39229208322657
0.677942700058941 0.403127631706239 2.8048886598932 0.000337694635767161
0.181977238467678 0.457391968268827 2.82794938911223 1.50310828365938
0.733510815527931 -0.123598703292849 1.02755868631201 2.09815450970753
0.824248047431593 0.864490571638553 2.77855508366287 1.54889807429949
-0.690863874413909 0.959164877386008 1.21147598106242 0.842140109203855
1.33517135751215 1.48385207088059 1.16114604386384 1.304447660578
1.70372872207017 -0.0709240576146588 3.4144948662013 0.245712424239076
0.77696161801377 -0.670620409536987 1.19809071808796 0.834367154528034
1.23760619130158 1.38902228655999 3.27057429177129 -0.0278478161353601
1.05443861702808 0.533423598916322 2.85832799772301 1.75010361976846
-0.927251416570133 -0.0934357815097414 0.876768048399227 1.54426371319097
-0.73235098746922 0.932274667994413 0.62800303870537 1.44799243513706
2.37189699047093 1.30625936586675 2.36570538560726 1.59205421884802
1.14061510061448 1.50063721195353 2.89121786254188 1.07998702138798
0.728438207996477 0.416746357912261 1.27251755782103 0.296320282824949
-0.544547790256666 -0.39203786845303 1.85199355436073 0.248055278305681
-1.72242689886973 -0.00568075839187864 0.298632271035913 0.468870660529704
1.14896720507262 -2.88222045299128 4.27130759425292 1.01912583802861
1.65186074921268 0.821246003695681 1.66102316218826 0.477160991267176
-0.746242133613495 0.339690991470473 3.12837843002687 1.23461422584616
1.9804114556094 0.0494574738081784 3.31124981898816 -1.26836343930529
0.161478852814834 0.631257129890778 3.05422878163143 -0.586086018360891
0.771349479567407 -1.71323425188761 1.46072435172712 -0.336752472684211
-1.85543854580678 0.601906130118479 3.17765711382252 0.0165249761586113
-1.23743356941624 0.564521484072443 2.4280068763769 1.3409987577475
1.5004095160118 -1.17701149484186 2.24047130112272 0.685028747805549
0.917397760242633 -0.277903614262542 4.07905838088722 -0.411345153591315
2.88577025025775 -0.958892860268349 2.54150210811008 0.922506456303681
2.75690202544609 -0.276081957088962 2.44389895909728 1.62024060899636
1.74321026433073 -1.12623916613309 3.05308658375446 0.576946398376845
0.959884386300969 0.674412430758653 1.08867655512406 1.49901515937667
-0.602234526180458 0.490724713997899 0.995799194852508 1.34080566284426
1.42809082972652 -0.745345335412242 2.50030072164191 1.3333756432354
1.09550150634585 0.536585136589259 1.79022040733472 1.40626232312007
0.60179320298766 0.3187241467144 1.93675977173725 1.49973296365772
1.35682630630296 -0.344498894826351 1.73576844487933 1.39527447230976
0.101445288005497 -0.653575253341693 2.95494330222933 3.5130947874329
1.4222344880567 -0.511785920024569 2.37786997956953 1.19970530078788
0.080780486713153 -1.1777591171108 2.85608818129344 0.373001196312905
2.08238624710168 -1.66579019097536 0.615606744536405 0.343836466077812
2.27067032120545 -0.521973899953424 2.43255400665951 2.4580346758231
-0.134130535209931 1.31040642498362 -0.437349899882125 2.30087052383942
1.44625957142369 -0.442659031734994 2.05569999925056 0.0982652167780336
-0.867003948938156 2.18885687346463 1.79372835731541 0.812141662593947
0.485994517598539 1.25028439207622 0.709033815253135 0.376367763100793
1.17974975904727 0.922596401674512 2.25047924529435 1.27949255420748
0.975294304046792 1.02864717764283 1.93188470689158 0.633151447055783
-0.320466758932981 -0.33631950404327 1.78864749430001 1.0535620177897
1.56828409813842 -0.475778889238065 2.17280830490878 2.26488275802659
1.16267395441202 -0.683575207480482 2.05127965312725 2.42680807467777
0.909289467240529 0.379013408988838 3.20909803428234 0.396810463716278
1.27715157708754 0.0944640782444538 3.82492047033934 0.513195009518263
3.62980000025891 -1.24429019950639 3.74381137753549 1.38085699935503
-0.243107367110903 -0.741065559583349 1.01989982556018 0.976061265893872
1.03951276233045 -1.15562713591388 1.98575542914357 2.12892283819503
0.0893212627891942 1.19526173567228 2.17058243170225 0.714316005090275
2.40086376292666 1.40843535517595 1.76887481245049 0.099625155758852
0.719579279113854 1.02972617955743 4.78064943607086 0.324431668293255
0.684922835455656 -0.695414772688854 1.88999067232468 2.16205743774137
1.41570394625184 -0.461594957175864 2.78024271646574 1.78229330033491
0.265789109014573 0.51293112743624 0.693120082045924 1.6344161579369
3.47884158857831 1.00408172069174 -1.13177489143023 0.108790985819094
1.29207441207052 0.874173518252604 -0.464651428059612 0.643835715155501
1.60247600732368 -0.956132614203898 -0.128142997269215 0.0614529931728393
1.61176262594946 1.12306960220084 1.45143048474658 1.2091221333512
1.91110366238522 1.18125274220041 -0.166388230379534 -0.453249338873348
2.90242787487091 0.486046294640762 1.04136048777652 0.105259874144632
0.998711706243861 1.65325596887425 1.02199975875634 0.263344940749125
1.89424723643106 1.12180192981293 -0.903706151362202 2.279668782833
2.48950922155271 -0.00372363727801517 0.176645358097756 1.91206447022697
2.50868016520016 1.87605023448952 0.569267028458256 1.60537142839131
1.49325711233834 0.256160394546371 1.26876784137883 0.983792750980014
2.7571864218307 1.64844662304796 -0.787385194368025 1.06627197878685
0.61642847435939 -0.337164052805869 2.03798296536952 0.488786532977192
2.2154218488533 0.235924101951822 0.172267662927035 0.154596028222814
4.4454255303086 -0.103190135681036 -1.00294133431273 0.529107555581921
2.24368823075477 0.585538856086358 1.19849542734786 2.3809299593321
2.1745985896752 1.5027689193638 -1.35874533774921 1.35373975409926
2.14526444852779 -0.472547314995204 0.16698578940136 1.2356367779475
2.50694198973737 0.765742921726887 -0.875711188873537 1.02117426486311
2.02837577177532 1.03257162345526 -2.1549832133587 1.49893976398127
2.81329315072456 1.08788892890153 0.383706369978287 -1.15963697350221
2.04027975520515 0.617748344302525 -0.932722486227614 1.50400603090354
0.520693163890075 1.81447674871314 -0.752125418866204 1.04638012627832
3.22655837993373 1.61599031048384 0.00633464888017155 0.629325955632646
1.61161953731184 1.15037768782589 -0.0396762698418424 1.19297854579987
2.69115588313134 1.02532406510476 -0.157638817433804 1.47571027314537
1.69503306878996 1.23721078881169 1.53580147743651 -0.0733399044792802
2.73423825644863 2.63208654651399 -2.36428918480097 0.63539325348948
3.06549732068499 1.30168424606677 3.85891117391275 2.04877773920394
1.59319484135333 0.123698263128167 0.324478327322228 0.947793060405021
1.40053068707201 0.256740739063553 0.987720340702869 0.304028922145187
0.974525126110728 1.348983835365 -0.545451063742135 1.42487246087014
2.17530076856225 0.528992336871798 -0.28363761282082 -0.299544117278209
2.77603853209219 1.37417417821191 -0.137260581765313 0.719747694274746
2.57004078202807 -0.47986499899508 0.322214506594337 0.919223286637061
2.40888892344153 -0.411879388786436 0.0462779842518085 0.562812722851828
1.16516022746446 0.524530779143318 0.736117976512949 2.39058784829254
1.19618702933617 2.23713860298871 -0.165167539811952 0.252111521150269
-0.0768435353002928 1.20338402216509 1.07058152239177 2.38345946251809
0.502764023698393 0.981480157987881 -0.590199692102828 0.103507626234542
1.04878249899375 -0.473852206788407 -0.0703662060107762 2.57524807264856
1.18177927550111 0.479179071463771 0.86269132099311 -0.0320149930004814
0.186129386778631 2.69040929438999 -1.05420200890294 0.946373392277838
3.37446277063051 -0.576952321465869 0.2210493137539 -0.244099105701784
2.59560121138969 0.15833212483132 0.309742174366764 2.53174490308047
1.67462925217855 2.38295565917967 1.81593072150525 1.19241637749122
3.68858884211788 1.29232216912947 -0.0193521941427723 0.0768888733150715
0.483916034348418 0.587155674028496 -0.868154755886223 1.18811482479676
2.75121367253763 2.57738910847484 -1.39572593068925 1.01416748230882
0.866344776704595 1.25120233408345 0.0319583360762874 1.67093193343119
0.319038234376632 1.28607336816486 -0.758630026906736 1.05651686871299
0.727522238181396 1.8550885107206 -1.67584165756627 -0.149982647690645
2.46172223852755 1.61769450198155 -0.79854538299537 2.58300972200211
1.79374198578472 -0.823489168511121 0.793596050343019 0.155636321210737
3.13902033048997 1.805069264199 -0.112614734352138 1.66544824411493
1.44434900766186 0.71832922561856 -0.113060065185089 2.39496929339809
0.747713185191669 1.26314950599837 0.225218879406293 1.49204669190632
2.2468647265964 0.87470033551999 -1.33457072791269 -0.0255619208553881
1.86202406815314 0.758450057614586 0.435293088397783 1.48988651717756
2.54669979295384 2.25973666645853 -2.83877660795266 0.97180963926749
3.57520135283119 1.00961644141143 0.0871815222875846 1.47217549213719
2.02922992773614 0.850202587883898 1.64365801027014 0.719911492271863
2.74721436366031 1.64830447155293 -1.5611176413669 0.888929497698596
1.34432591379814 1.05836590148055 -0.728996711003421 0.528723632030551
1.60978722809962 0.407574112606154 -1.04634734342597 0.714024790596355
2.72790593502425 1.53449131863733 0.915174200160477 0.0877995043637529
0.63171639165189 2.83718727739737 -1.92479573675734 1.81077387758318
1.87172502571441 1.22658475891878 0.377606599786514 2.42049298413539
1.94581004275413 1.06015360929287 0.618240859438326 -0.131349296842515
2.68552613253425 -0.707430976898738 -1.53373003716891 2.3157919292123
2.42883820943783 1.27096126087147 -0.797272154291535 2.38925569316142
2.30953543590893 -0.112872309776599 -0.987807844627381 3.02061826027906
1.6982306647808 -0.340014426909363 0.507730768029623 0.772007440118253
3.35362716088264 1.23488560185288 0.081661424249834 1.34264351992383
4.28132986209815 1.45231337074432 -1.82189450751145 2.11098799047944
1.51611888241442 -0.97687918588992 1.14350389189734 1.8129585474596
1.29703589028748 1.36887287844673 -1.67012390832887 0.719235817737657
4.02446883662337 1.68263092117826 0.547565186447068 2.72017421447655
2.21056143515199 1.15397118560056 -4.03548934534423 1.22625164529428
1.87153992426395 0.292457351046598 0.687739146136821 -1.08366790639498
1.22913623961691 2.13716033786847 -0.621364698226657 1.88004331444773
2.67409487496785 1.38345507453975 1.35734076557223 2.90312221324248
1.77537059670401 1.87191358877405 -0.665645144284082 2.01686946773529
2.59781794468622 1.97549742963519 1.33927188263409 0.461957983068813
2.12114969577596 0.779464280457714 0.0333437553486567 2.58993362484488
0.466146006467446 -0.00785460100845925 0.0066656723318121 1.07474277894061
1.32236749543465 3.45956464396509 -0.617847772736613 1.98489293220359
0.545176537444546 2.15269406434609 1.96619049874096 -0.145792133512467
1.86054458761266 0.936383553913336 -0.658772188375963 0.734391911159021
1.04030266941164 0.926624062745431 2.28470941472448 0.558602829199501
4.04777136426414 1.11663822668172 1.08110843077122 1.13124088587661
2.57159112275025 1.7999784701981 0.787824645269785 1.43017860329952
1.52541117984194 0.988568891379394 -0.412329348083319 1.78114563724654
2.3046084383011 0.315889904443987 -1.39256504115515 3.30063448278093
2.6022472097207 1.02927162524457 -0.616753731851684 0.930464689462821
-0.341471791160674 1.3489066199998 0.943400997625757 0.861687252045235
0.170901649963456 0.136550867247097 0.160784525433225 0.917792635406151
3.16757476461857 1.03856492714712 -0.22631925299136 -1.26981473123586
4.65048023931271 1.24139950287517 -0.897926929227556 1.18566541847136
1.82535515701695 -0.0222491857943818 -0.755665261617287 -0.435335667405705
0.521359753028211 0.632362505523826 1.85901902992394 0.612669462890055
3.91794185582187 0.95805384099527 0.966938529136729 1.68799458476414
0.682179160374077 2.12388156092532 -0.176937279197443 1.28836419816846
1.37580771232603 2.17493388814009 0.459717494831156 0.0477591339515488
3.19607616996606 2.30899075303047 -0.515023194153809 0.934241751126556
3.79282293622229 2.19919562512769 1.55977512053628 0.987554443823017
0.851316197069491 1.42455183197109 1.65071920230348 0.573523811311437
3.42273915371474 1.00345656890003 0.228330297361466 -0.474503809765512
1.24779748123047 3.28801514730572 -1.19772301496874 0.522735046758509
2.41154800159675 0.683232293745984 -0.329175649326991 1.3476217128393
0.280557334322795 1.02089338095798 -0.103451774352872 0.933047771782992
2.00669977182816 1.04316157053071 0.714928248423263 -1.06514753468153
2.59130000237549 0.457987413147447 -0.808305035896496 1.04892492184581
3.15567135687057 0.550998786213321 -0.646930121333025 1.74555678493557
2.64217337955583 0.744263085728149 -0.838530592038449 0.206465745258432
1.80055003498135 2.41237886916493 -1.50444442773001 1.45869880073727
2.46602020729687 1.04744629145407 0.306652938783627 0.19479388974317
1.93778519382087 -0.289242954092274 -0.0626782390003662 -1.35802325367023
1.26509815656145 1.17465193451851 0.999582047359292 1.63483834847725
3.01620474593941 -0.440410963109438 2.16699967088357 0.493544690712087
0.321055641618997 0.838118645144523 -0.266916663185009 2.21272140010229
2.42314544541829 3.76839601696925 0.394835724626078 0.821614299238729
3.31959947039967 1.17458523005865 -0.842539177176241 1.95820620569968
3.34235553942909 0.998456017525019 2.06039986067448 1.45302093486458
1.48312400601375 0.570154507227034 -1.68709338887278 0.60346375076416
1.80580472784364 1.64560463749238 0.564040504175614 1.26197816680793
2.91235053435189 2.35820345348429 -0.461508758705374 1.23901446462652
2.56558624680854 -0.0484682443953202 -0.600701514525156 2.96861622811231
2.05112382582063 2.82475774144069 -0.545841334441632 1.73283273799885
3.68106519796117 1.97637667498929 -0.526975105867409 2.59648219388972
3.03179587591724 1.34439916532584 -0.436666372291642 1.13788939084047
1.60571242560593 2.1916481136089 -0.702439408321682 2.01944580813641
1.68169789866967 0.981427687849076 -0.737538730585628 -0.317260851393421
0.858343892896846 1.10715706136557 -0.0118620753257878 0.624734525074873
0.986794278015332 1.84801827374482 -1.17585832899938 0.665701194159814
-0.891733208529496 2.25616683145719 0.107243805059254 0.543703623121747
2.36139553136653 1.44796039735019 -0.468562009646981 0.850298262787882
0.400627968725526 -0.165129195827798 0.600804840840814 2.96904071788064
1.93736738325057 0.484655912611023 -0.137734009882967 2.5535625721109
0.654789550650857 0.0817004949218003 -0.750062445126981 0.919197241352065
3.13421392100192 1.49557854583371 -0.216183646556773 0.16041378381712
3.6411018559827 0.554903136761315 0.99012851449049 0.287968569166409
2.75813625238654 0.834346714168237 2.43230633774427 1.87110088838598
1.01606612008961 -0.392053070357902 0.339424212346382 0.896311261439629
0.662050615294375 -0.672452353894173 0.536432653751716 1.63874443715743
1.91465175855407 1.26889890914165 -1.60072062878278 0.786987273509456
3.51614856744203 1.62567092078715 -1.89297905540648 1.24937211282505
1.82324352465253 -0.654144386880009 -1.59655264696714 2.1395293723507
1.35921459968899 0.718138804829544 1.664001851212 0.154307869596536
2.49296665903899 1.1442620634101 1.10531875429939 -0.179449562926149
2.21183945988636 1.16567701649876 0.371163395064172 2.66484598637349
3.29343362053848 0.952824482089032 1.10180798003334 0.602875901756902
1.21442886537141 1.6990722726961 -1.85500358100988 2.94413032968306
2.55689939898387 3.37013698863291 1.3750464588103 1.16803440995754
2.51220823830909 2.54661004430046 1.09803590995454 -0.164543322752052
1.51062301770477 0.990785318857112 -1.13282694624544 -0.292319322356446
1.4546252872107 0.884593669989177 -1.42339566911971 1.16501363136295
1.47588931885912 1.46359215290436 0.502341315334074 3.24761437756662
3.20779258901267 0.566663556199896 1.4835348907969 0.24980366084914
1.12585676205158 1.43249774645378 0.856975999170297 0.614961159567388
1.95409041496443 0.433940115440922 1.15951151359993 -0.018358540681831
0.669518301777126 1.17412994220695 -1.25161532757725 -0.141839339875493
2.84463309598117 -0.71888370109394 1.1635135935379 0.418127260119369
2.61089182740438 1.15881780079218 -1.51729544610117 2.40766466052341
4.29693304295285 1.64134167417772 -1.74908935892007 2.07990033199676
1.31781983329901 1.67312300226102 0.1140746712412 2.38355367346696
2.50238485914377 0.743358554350355 -0.748418823990181 1.50454786961491
2.0438795349422 1.37068252119533 0.798832097593151 -1.06897155600525
2.24960109059019 1.06774581898407 -0.419733401947456 -0.302657403619475
3.54089807218216 0.57239901801978 -1.80414004190284 2.0605448559154
1.40169435184408 1.25740409929355 -0.496313133778462 2.56715694319088
2.95262474017582 2.34213648282382 2.1290295824267 1.04475448289271
1.54608997561067 1.98760472761767 1.21280669306473 1.08372638954104
1.78574031080431 0.361970940802508 -1.55363592903749 0.0583573955809303
2.11503720565491 -0.700876831427945 0.341685696688447 2.02890769621739
1.89695209761687 1.1071736872346 0.660729763872954 1.03416111058299
1.77659179974205 -0.315739604865438 0.653161556512566 2.91455528447779
0.455796467712607 0.542608966993499 0.609985015694355 1.02991833367601
1.73461321136984 0.0670528640934013 -0.673066321560727 0.991799665074168
3.63790603291568 1.13349193762446 0.95746803585085 1.29353163633056
2.34255017555185 2.39558927404273 -0.190144020117036 1.57665405705487
0.850096271850602 1.11662601566315 -1.37480221156808 1.29640188394112
1.95470211109612 1.76853955174804 0.489644032550849 0.833117116659733
0.869113871620109 -1.0088400312008 -0.793366422672642 0.709234009621076
1.4124228271035 2.62668868571086 -0.259741817596917 1.81909374323393
2.741583023869 -1.18842208396364 1.463262246571 -0.270796146624232
0.632705993825212 1.12464809450509 -0.128521562922904 2.53065359603634
2.97269050484996 1.11619057494689 1.24605300708858 2.21839967719696
2.27171120736824 1.90136216263863 0.0062531134430881 -0.276424751885719
0.73868478118367 -1.12275967106781 -2.01278635235579 0.529685434959979
1.92019834539243 -0.303816883951939 -1.35659900353098 -0.297313225193903
2.15919624882306 -1.63244633390679 -0.179842430385267 2.12365302329748
2.62352130360439 2.3358153652351 -1.09022956788526 1.09382589728648
2.38386112421057 1.5380403394406 0.295986400405559 1.7032220873346
0.230025146488053 -0.261834894660549 0.0985350689580947 0.681598717996698
3.60324738530841 1.69446779261229 0.698226560961135 1.11993090687159
1.85091110000115 -0.0486517052586357 -0.464527391047295 1.90202429750107
1.99158200169836 -0.353743953178755 1.55632675746387 2.2142414647748
1.58776851505122 -0.0250321234656572 -0.566018994850738 2.65197680591394
1.74086151684646 1.5409150745247 -1.12485697752416 2.68973936441494
